481
0.606971 0.543681 -1.458718 0.375866 -0.606586 0.700522
0.716948 0.122436 -1.587284 0.152928 0.345470 0.925871
1.044070 0.420783 -1.454847 -0.501236 -0.477523 0.721610
1.170185 -0.847217 -1.458717 0.290811 0.651662 0.700522
1.456974 -0.519660 -1.587284 -0.371746 -0.067476 0.925871
1.026410 -0.416534 -1.454847 0.676595 -0.146550 0.721610
2.004765 0.399893 -1.458717 -0.702506 -0.125309 0.700522
1.572682 0.453242 -1.587284 0.264595 -0.269692 0.925871
1.729146 0.039069 -1.454847 -0.258675 0.642140 0.721610
1.038614 0.421323 -1.422529 -0.410688 0.018708 -0.911557
0.711491 0.122976 -1.554966 0.405042 0.655080 -0.637776
0.601515 0.544220 -1.426400 0.543565 -0.368572 -0.754082
1.029028 -0.421352 -1.422529 0.215125 -0.350322 -0.911557
1.459592 -0.524478 -1.554966 -0.769494 -0.032716 -0.637776
1.172803 -0.852036 -1.426399 -0.000275 0.656728 -0.754082
1.731663 0.043941 -1.422529 0.169042 0.374737 -0.911557
1.575198 0.458113 -1.554966 0.459212 -0.618305 -0.637776
2.007281 0.404765 -1.426399 -0.543229 -0.369030 -0.754082
1.283679 0.064402 -2.078053 0.204910 0.247075 -0.947083
1.317953 0.035976 -2.078053 0.204910 0.247075 -0.947083
1.257074 -0.002554 -2.101277 0.204910 0.247075 -0.947083
1.317953 0.035976 -2.078053 0.311003 0.079444 -0.947083
1.328974 -0.007167 -2.078053 0.311003 0.079444 -0.947083
1.257074 -0.002554 -2.101277 0.311003 0.079444 -0.947083
1.328974 -0.007167 -2.078053 0.298303 -0.118532 -0.947083
1.312531 -0.048548 -2.078053 0.298303 -0.118532 -0.947083
1.257074 -0.002554 -2.101277 0.298303 -0.118532 -0.947083
1.312531 -0.048548 -2.078053 0.171661 -0.271232 -0.947083
1.274905 -0.072361 -2.078053 0.171661 -0.271232 -0.947083
1.257074 -0.002554 -2.101277 0.171661 -0.271232 -0.947083
1.274905 -0.072361 -2.078053 -0.020549 -0.320331 -0.947083
1.230469 -0.069510 -2.078053 -0.020549 -0.320331 -0.947083
1.257074 -0.002554 -2.101277 -0.020549 -0.320331 -0.947083
1.230469 -0.069510 -2.078053 -0.204910 -0.247075 -0.947083
1.196194 -0.041085 -2.078053 -0.204910 -0.247075 -0.947083
1.257074 -0.002554 -2.101277 -0.204910 -0.247075 -0.947083
1.196194 -0.041085 -2.078053 -0.311003 -0.079444 -0.947083
1.185174 0.002058 -2.078053 -0.311003 -0.079444 -0.947083
1.257074 -0.002554 -2.101277 -0.311003 -0.079444 -0.947083
1.185174 0.002058 -2.078053 -0.298303 0.118531 -0.947083
1.201616 0.043439 -2.078053 -0.298303 0.118531 -0.947083
1.257074 -0.002554 -2.101277 -0.298303 0.118531 -0.947083
1.201616 0.043439 -2.078053 -0.171661 0.271232 -0.947083
1.239242 0.067252 -2.078053 -0.171661 0.271232 -0.947083
1.257074 -0.002554 -2.101277 -0.171661 0.271232 -0.947083
1.239242 0.067252 -2.078053 0.020550 0.320331 -0.947083
1.283679 0.064402 -2.078053 0.020550 0.320331 -0.947083
1.257074 -0.002554 -2.101277 0.020550 0.320331 -0.947083
1.444442 0.116030 -0.365134 0.000000 0.000000 1.000000
1.338956 0.203515 -0.365134 0.000000 0.000000 1.000000
1.257074 -0.002554 -0.365134 0.000000 0.000000 1.000000
1.478360 -0.016750 -0.365134 0.000000 0.000000 1.000000
1.427754 -0.144107 -0.365134 0.000000 0.000000 1.000000
1.311954 -0.217396 -0.365134 0.000000 0.000000 1.000000
1.175192 -0.208623 -0.365134 0.000000 0.000000 1.000000
1.069706 -0.121138 -0.365134 0.000000 0.000000 1.000000
1.035788 0.011641 -0.365134 0.000000 0.000000 1.000000
1.086394 0.138999 -0.365134 0.000000 0.000000 1.000000
1.202193 0.212288 -0.365134 0.000000 0.000000 1.000000
1.202193 0.212288 -0.365134 0.064017 0.997916 0.008132
1.338956 0.203515 -0.365134 0.064017 0.997916 0.008132
1.343169 0.214119 -1.699632 0.064017 0.997916 0.008132
1.202193 0.212288 -0.365134 0.064018 0.997916 0.008132
1.343169 0.214119 -1.699632 0.064018 0.997916 0.008132
1.199369 0.223344 -1.699632 0.064018 0.997916 0.008132
1.199369 0.223344 -1.699632 0.063721 0.993294 -0.096465
1.343169 0.214119 -1.699632 0.063721 0.993294 -0.096465
1.202193 0.212288 -1.811612 0.063721 0.993294 -0.096465
1.343169 0.214119 -1.699632 0.063721 0.993295 -0.096465
1.338956 0.203514 -1.811612 0.063721 0.993295 -0.096465
1.202193 0.212288 -1.811612 0.063721 0.993295 -0.096465
1.202193 0.212288 -1.811612 0.061524 0.959041 -0.276504
1.338956 0.203514 -1.811612 0.061524 0.959041 -0.276504
1.210390 0.180201 -1.921079 0.061524 0.959041 -0.276504
1.338956 0.203514 -1.811612 0.061523 0.959042 -0.276503
1.326727 0.172738 -1.921079 0.061523 0.959042 -0.276503
1.210390 0.180201 -1.921079 0.061523 0.959042 -0.276503
1.210390 0.180201 -1.921079 0.056657 0.883194 -0.465573
1.326727 0.172738 -1.921079 0.056657 0.883194 -0.465573
1.223156 0.130225 -2.014330 0.056657 0.883194 -0.465573
1.326727 0.172738 -1.921079 0.056658 0.883194 -0.465574
1.307679 0.124803 -2.014330 0.056658 0.883194 -0.465574
1.223156 0.130225 -2.014330 0.056658 0.883194 -0.465574
1.223156 0.130225 -2.014330 0.045952 0.716306 -0.696272
1.307679 0.124803 -2.014330 0.045952 0.716306 -0.696272
1.283679 0.064402 -2.078053 0.045952 0.716306 -0.696272
1.239242 0.067252 -2.078053 0.045952 0.716306 -0.696272
1.151587 0.084930 -2.014330 -0.383858 0.606513 -0.696273
1.223156 0.130225 -2.014330 -0.383858 0.606513 -0.696273
1.239242 0.067252 -2.078053 -0.383858 0.606513 -0.696273
1.201616 0.043439 -2.078053 -0.383858 0.606513 -0.696273
1.111884 0.117858 -1.921079 -0.473292 0.747821 -0.465574
1.210390 0.180201 -1.921079 -0.473292 0.747821 -0.465574
1.223156 0.130225 -2.014330 -0.473292 0.747821 -0.465574
1.111884 0.117858 -1.921079 -0.473291 0.747822 -0.465573
1.223156 0.130225 -2.014330 -0.473291 0.747822 -0.465573
1.151587 0.084930 -2.014330 -0.473291 0.747822 -0.465573
1.086394 0.138999 -1.811612 -0.513938 0.812043 -0.276503
1.202193 0.212288 -1.811612 -0.513938 0.812043 -0.276503
1.210390 0.180201 -1.921079 -0.513938 0.812043 -0.276503
1.111884 0.117858 -1.921079 -0.513938 0.812043 -0.276503
1.077610 0.146284 -1.699632 -0.532293 0.841046 -0.096466
1.199369 0.223344 -1.699632 -0.532293 0.841046 -0.096466
1.202193 0.212288 -1.811612 -0.532293 0.841046 -0.096466
1.086394 0.138999 -1.811612 -0.532293 0.841046 -0.096466
1.086394 0.138999 -0.365134 -0.534770 0.844959 0.008132
1.202193 0.212288 -0.365134 -0.534770 0.844959 0.008132
1.199369 0.223344 -1.699632 -0.534770 0.844959 0.008132
1.077610 0.146284 -1.699632 -0.534770 0.844959 0.008132
1.035788 0.011641 -0.365134 -0.929292 0.369256 0.008132
1.086394 0.138999 -0.365134 -0.929292 0.369256 0.008132
1.077610 0.146284 -1.699632 -0.929292 0.369256 0.008132
1.024400 0.012372 -1.699632 -0.929292 0.369256 0.008132
1.024400 0.012372 -1.699632 -0.924989 0.367546 -0.096466
1.077610 0.146284 -1.699632 -0.924989 0.367546 -0.096466
1.086394 0.138999 -1.811612 -0.924989 0.367546 -0.096466
1.024400 0.012372 -1.699632 -0.924989 0.367546 -0.096465
1.086394 0.138999 -1.811612 -0.924989 0.367546 -0.096465
1.035788 0.011641 -1.811612 -0.924989 0.367546 -0.096465
1.035788 0.011641 -1.811612 -0.893091 0.354872 -0.276503
1.086394 0.138999 -1.811612 -0.893091 0.354872 -0.276503
1.111884 0.117858 -1.921079 -0.893091 0.354872 -0.276503
1.068837 0.009521 -1.921079 -0.893091 0.354872 -0.276503
1.068837 0.009521 -1.921079 -0.822459 0.326806 -0.465573
1.111884 0.117858 -1.921079 -0.822459 0.326806 -0.465573
1.151587 0.084930 -2.014330 -0.822459 0.326806 -0.465573
1.120311 0.006219 -2.014330 -0.822459 0.326806 -0.465573
1.120311 0.006219 -2.014330 -0.667047 0.265053 -0.696273
1.151587 0.084930 -2.014330 -0.667047 0.265053 -0.696273
1.201616 0.043439 -2.078053 -0.667047 0.265053 -0.696273
1.120311 0.006219 -2.014330 -0.667047 0.265052 -0.696273
1.201616 0.043439 -2.078053 -0.667047 0.265052 -0.696273
1.185174 0.002058 -2.078053 -0.667047 0.265052 -0.696273
1.141274 -0.075843 -2.014330 -0.695446 -0.177648 -0.696273
1.120311 0.006219 -2.014330 -0.695446 -0.177648 -0.696273
1.185174 0.002058 -2.078053 -0.695446 -0.177648 -0.696273
1.141274 -0.075843 -2.014330 -0.695446 -0.177647 -0.696273
1.185174 0.002058 -2.078053 -0.695446 -0.177647 -0.696273
1.196194 -0.041085 -2.078053 -0.695446 -0.177647 -0.696273
1.097689 -0.103428 -1.921079 -0.857476 -0.219037 -0.465573
1.068837 0.009521 -1.921079 -0.857476 -0.219037 -0.465573
1.141274 -0.075843 -2.014330 -0.857476 -0.219037 -0.465573
1.120311 0.006219 -2.014330 -0.857476 -0.219037 -0.465573
1.069706 -0.121138 -1.811612 -0.931115 -0.237848 -0.276503
1.035788 0.011641 -1.811612 -0.931115 -0.237848 -0.276503
1.068837 0.009521 -1.921079 -0.931115 -0.237848 -0.276503
1.097689 -0.103428 -1.921079 -0.931115 -0.237848 -0.276503
1.060063 -0.127241 -1.699632 -0.964370 -0.246342 -0.096465
1.024400 0.012372 -1.699632 -0.964370 -0.246342 -0.096465
1.069706 -0.121138 -1.811612 -0.964370 -0.246342 -0.096465
1.024400 0.012372 -1.699632 -0.964370 -0.246343 -0.096465
1.035788 0.011641 -1.811612 -0.964370 -0.246343 -0.096465
1.069706 -0.121138 -1.811612 -0.964370 -0.246343 -0.096465
1.069706 -0.121138 -0.365134 -0.968857 -0.247489 0.008132
1.035788 0.011641 -0.365134 -0.968857 -0.247489 0.008132
1.024400 0.012372 -1.699632 -0.968857 -0.247489 0.008132
1.069706 -0.121138 -0.365134 -0.968857 -0.247488 0.008132
1.024400 0.012372 -1.699632 -0.968857 -0.247488 0.008132
1.060063 -0.127241 -1.699632 -0.968857 -0.247488 0.008132
1.175192 -0.208623 -0.365134 -0.638351 -0.769702 0.008132
1.069706 -0.121138 -0.365134 -0.638351 -0.769702 0.008132
1.060063 -0.127241 -1.699632 -0.638351 -0.769702 0.008132
1.170978 -0.219228 -1.699632 -0.638351 -0.769702 0.008132
1.170978 -0.219228 -1.699632 -0.635395 -0.766138 -0.096466
1.060063 -0.127241 -1.699632 -0.635395 -0.766138 -0.096466
1.069706 -0.121138 -1.811612 -0.635395 -0.766138 -0.096466
1.170978 -0.219228 -1.699632 -0.635395 -0.766138 -0.096465
1.069706 -0.121138 -1.811612 -0.635395 -0.766138 -0.096465
1.175192 -0.208623 -1.811612 -0.635395 -0.766138 -0.096465
1.175192 -0.208623 -1.811612 -0.613484 -0.739718 -0.276504
1.069706 -0.121138 -1.811612 -0.613484 -0.739718 -0.276504
1.187421 -0.177847 -1.921079 -0.613484 -0.739718 -0.276504
1.069706 -0.121138 -1.811612 -0.613483 -0.739719 -0.276503
1.097689 -0.103428 -1.921079 -0.613483 -0.739719 -0.276503
1.187421 -0.177847 -1.921079 -0.613483 -0.739719 -0.276503
1.187421 -0.177847 -1.921079 -0.564965 -0.681217 -0.465573
1.097689 -0.103428 -1.921079 -0.564965 -0.681217 -0.465573
1.141274 -0.075843 -2.014330 -0.564965 -0.681217 -0.465573
1.206468 -0.129912 -2.014330 -0.564965 -0.681217 -0.465573
1.206468 -0.129912 -2.014330 -0.458209 -0.552493 -0.696273
1.141274 -0.075843 -2.014330 -0.458209 -0.552493 -0.696273
1.196194 -0.041085 -2.078053 -0.458209 -0.552493 -0.696273
1.206468 -0.129912 -2.014330 -0.458208 -0.552494 -0.696273
1.196194 -0.041085 -2.078053 -0.458208 -0.552494 -0.696273
1.230469 -0.069510 -2.078053 -0.458208 -0.552494 -0.696273
1.290991 -0.135334 -2.014330 -0.045951 -0.716306 -0.696272
1.206468 -0.129912 -2.014330 -0.045951 -0.716306 -0.696272
1.230469 -0.069510 -2.078053 -0.045951 -0.716306 -0.696272
1.274905 -0.072361 -2.078053 -0.045951 -0.716306 -0.696272
1.303758 -0.185310 -1.921079 -0.056657 -0.883194 -0.465573
1.187421 -0.177847 -1.921079 -0.056657 -0.883194 -0.465573
1.206468 -0.129912 -2.014330 -0.056657 -0.883194 -0.465573
1.290991 -0.135334 -2.014330 -0.056657 -0.883194 -0.465573
1.311954 -0.217396 -1.811612 -0.061523 -0.959042 -0.276503
1.175192 -0.208623 -1.811612 -0.061523 -0.959042 -0.276503
1.187421 -0.177847 -1.921079 -0.061523 -0.959042 -0.276503
1.311954 -0.217396 -1.811612 -0.061523 -0.959042 -0.276504
1.187421 -0.177847 -1.921079 -0.061523 -0.959042 -0.276504
1.303758 -0.185310 -1.921079 -0.061523 -0.959042 -0.276504
1.314778 -0.228453 -1.699632 -0.063720 -0.993295 -0.096466
1.170978 -0.219228 -1.699632 -0.063720 -0.993295 -0.096466
1.175192 -0.208623 -1.811612 -0.063720 -0.993295 -0.096466
1.311954 -0.217396 -1.811612 -0.063720 -0.993295 -0.096466
1.311954 -0.217396 -0.365134 -0.064017 -0.997916 0.008132
1.175192 -0.208623 -0.365134 -0.064017 -0.997916 0.008132
1.314778 -0.228453 -1.699632 -0.064017 -0.997916 0.008132
1.170978 -0.219228 -1.699632 -0.064017 -0.997916 0.008132
1.427754 -0.144107 -0.365134 0.534770 -0.844959 0.008132
1.311954 -0.217396 -0.365134 0.534770 -0.844959 0.008132
1.314778 -0.228453 -1.699632 0.534770 -0.844959 0.008132
1.427754 -0.144107 -0.365134 0.534769 -0.844959 0.008132
1.314778 -0.228453 -1.699632 0.534769 -0.844959 0.008132
1.436537 -0.151392 -1.699632 0.534769 -0.844959 0.008132
1.436537 -0.151392 -1.699632 0.532293 -0.841046 -0.096466
1.314778 -0.228453 -1.699632 0.532293 -0.841046 -0.096466
1.427754 -0.144107 -1.811612 0.532293 -0.841046 -0.096466
1.314778 -0.228453 -1.699632 0.532293 -0.841046 -0.096465
1.311954 -0.217396 -1.811612 0.532293 -0.841046 -0.096465
1.427754 -0.144107 -1.811612 0.532293 -0.841046 -0.096465
1.427754 -0.144107 -1.811612 0.513937 -0.812043 -0.276504
1.311954 -0.217396 -1.811612 0.513937 -0.812043 -0.276504
1.303758 -0.185310 -1.921079 0.513937 -0.812043 -0.276504
1.427754 -0.144107 -1.811612 0.513937 -0.812044 -0.276502
1.303758 -0.185310 -1.921079 0.513937 -0.812044 -0.276502
1.402263 -0.122966 -1.921079 0.513937 -0.812044 -0.276502
1.402263 -0.122966 -1.921079 0.473291 -0.747821 -0.465574
1.303758 -0.185310 -1.921079 0.473291 -0.747821 -0.465574
1.362560 -0.090039 -2.014330 0.473291 -0.747821 -0.465574
1.303758 -0.185310 -1.921079 0.473291 -0.747821 -0.465573
1.290991 -0.135334 -2.014330 0.473291 -0.747821 -0.465573
1.362560 -0.090039 -2.014330 0.473291 -0.747821 -0.465573
1.362560 -0.090039 -2.014330 0.383859 -0.606514 -0.696271
1.290991 -0.135334 -2.014330 0.383859 -0.606514 -0.696271
1.274905 -0.072361 -2.078053 0.383859 -0.606514 -0.696271
1.362560 -0.090039 -2.014330 0.383859 -0.606513 -0.696272
1.274905 -0.072361 -2.078053 0.383859 -0.606513 -0.696272
1.312531 -0.048548 -2.078053 0.383859 -0.606513 -0.696272
1.393836 -0.011328 -2.014330 0.667048 -0.265053 -0.696272
1.362560 -0.090039 -2.014330 0.667048 -0.265053 -0.696272
1.312531 -0.048548 -2.078053 0.667048 -0.265053 -0.696272
1.393836 -0.011328 -2.014330 0.667048 -0.265054 -0.696271
1.312531 -0.048548 -2.078053 0.667048 -0.265054 -0.696271
1.328974 -0.007167 -2.078053 0.667048 -0.265054 -0.696271
1.445311 -0.014630 -1.921079 0.822459 -0.326805 -0.465574
1.402263 -0.122966 -1.921079 0.822459 -0.326805 -0.465574
1.362560 -0.090039 -2.014330 0.822459 -0.326805 -0.465574
1.445311 -0.014630 -1.921079 0.822459 -0.326806 -0.465573
1.362560 -0.090039 -2.014330 0.822459 -0.326806 -0.465573
1.393836 -0.011328 -2.014330 0.822459 -0.326806 -0.465573
1.478359 -0.016750 -1.811612 0.893092 -0.354872 -0.276502
1.427754 -0.144107 -1.811612 0.893092 -0.354872 -0.276502
1.402263 -0.122966 -1.921079 0.893092 -0.354872 -0.276502
1.478359 -0.016750 -1.811612 0.893092 -0.354870 -0.276504
1.402263 -0.122966 -1.921079 0.893092 -0.354870 -0.276504
1.445311 -0.014630 -1.921079 0.893092 -0.354870 -0.276504
1.489747 -0.017480 -1.699632 0.924989 -0.367546 -0.096466
1.436537 -0.151392 -1.699632 0.924989 -0.367546 -0.096466
1.427754 -0.144107 -1.811612 0.924989 -0.367546 -0.096466
1.478359 -0.016750 -1.811612 0.924989 -0.367546 -0.096466
1.478360 -0.016750 -0.365134 0.929292 -0.369257 0.008132
1.427754 -0.144107 -0.365134 0.929292 -0.369257 0.008132
1.436537 -0.151392 -1.699632 0.929292 -0.369257 0.008132
1.478360 -0.016750 -0.365134 0.929292 -0.369256 0.008132
1.436537 -0.151392 -1.699632 0.929292 -0.369256 0.008132
1.489747 -0.017480 -1.699632 0.929292 -0.369256 0.008132
1.444442 0.116030 -0.365134 0.968856 0.247490 0.008132
1.478360 -0.016750 -0.365134 0.968856 0.247490 0.008132
1.489747 -0.017480 -1.699632 0.968856 0.247490 0.008132
1.444442 0.116030 -0.365134 0.968857 0.247489 0.008132
1.489747 -0.017480 -1.699632 0.968857 0.247489 0.008132
1.454084 0.122132 -1.699632 0.968857 0.247489 0.008132
1.454084 0.122132 -1.699632 0.964370 0.246343 -0.096466
1.489747 -0.017480 -1.699632 0.964370 0.246343 -0.096466
1.478359 -0.016750 -1.811612 0.964370 0.246343 -0.096466
1.454084 0.122132 -1.699632 0.964370 0.246343 -0.096465
1.478359 -0.016750 -1.811612 0.964370 0.246343 -0.096465
1.444442 0.116030 -1.811612 0.964370 0.246343 -0.096465
1.444442 0.116030 -1.811612 0.931114 0.237848 -0.276504
1.478359 -0.016750 -1.811612 0.931114 0.237848 -0.276504
1.445311 -0.014630 -1.921079 0.931114 0.237848 -0.276504
1.416458 0.098319 -1.921079 0.931114 0.237848 -0.276504
1.416458 0.098319 -1.921079 0.857476 0.219037 -0.465573
1.445311 -0.014630 -1.921079 0.857476 0.219037 -0.465573
1.393836 -0.011328 -2.014330 0.857476 0.219037 -0.465573
1.372873 0.070735 -2.014330 0.857476 0.219037 -0.465573
1.372873 0.070735 -2.014330 0.695448 0.177648 -0.696271
1.393836 -0.011328 -2.014330 0.695448 0.177648 -0.696271
1.328974 -0.007167 -2.078053 0.695448 0.177648 -0.696271
1.317953 0.035976 -2.078053 0.695448 0.177648 -0.696271
1.307679 0.124803 -2.014330 0.458210 0.552494 -0.696271
1.372873 0.070735 -2.014330 0.458210 0.552494 -0.696271
1.317953 0.035976 -2.078053 0.458210 0.552494 -0.696271
1.307679 0.124803 -2.014330 0.458209 0.552495 -0.696272
1.317953 0.035976 -2.078053 0.458209 0.552495 -0.696272
1.283679 0.064402 -2.078053 0.458209 0.552495 -0.696272
1.326727 0.172738 -1.921079 0.564965 0.681216 -0.465573
1.416458 0.098319 -1.921079 0.564965 0.681216 -0.465573
1.372873 0.070735 -2.014330 0.564965 0.681216 -0.465573
1.326727 0.172738 -1.921079 0.564965 0.681216 -0.465574
1.372873 0.070735 -2.014330 0.564965 0.681216 -0.465574
1.307679 0.124803 -2.014330 0.564965 0.681216 -0.465574
1.338956 0.203514 -1.811612 0.613484 0.739719 -0.276503
1.444442 0.116030 -1.811612 0.613484 0.739719 -0.276503
1.416458 0.098319 -1.921079 0.613484 0.739719 -0.276503
1.326727 0.172738 -1.921079 0.613484 0.739719 -0.276503
1.343169 0.214119 -1.699632 0.635395 0.766138 -0.096465
1.454084 0.122132 -1.699632 0.635395 0.766138 -0.096465
1.444442 0.116030 -1.811612 0.635395 0.766138 -0.096465
1.338956 0.203514 -1.811612 0.635395 0.766138 -0.096465
1.338956 0.203515 -0.365134 0.638351 0.769702 0.008132
1.444442 0.116030 -0.365134 0.638351 0.769702 0.008132
1.454084 0.122132 -1.699632 0.638351 0.769702 0.008132
1.338956 0.203515 -0.365134 0.638351 0.769703 0.008132
1.454084 0.122132 -1.699632 0.638351 0.769703 0.008132
1.343169 0.214119 -1.699632 0.638351 0.769703 0.008132
1.725091 0.536158 -1.538879 0.077548 -0.983581 -0.162847
1.876760 0.508686 -1.491929 -0.310190 -0.862819 -0.399060
1.439991 -0.692331 -1.538879 -0.857387 0.488174 -0.162847
1.332088 -0.802398 -1.491929 -0.539720 0.741203 -0.399060
0.583612 0.233455 -1.538879 0.885403 0.435286 -0.162847
0.553136 0.384549 -1.491929 0.916410 0.030335 -0.399060
1.893615 0.082949 -1.380149 -0.592334 0.693747 -0.409650
1.985346 0.225891 -1.380149 -0.550951 0.099277 -0.828578
0.970356 -0.577262 -1.380149 0.906674 0.100528 -0.409650
1.037117 -0.733435 -1.380149 0.391552 0.400098 -0.828578
0.942558 0.557425 -1.380149 -0.425977 -0.806665 -0.409650
0.775846 0.589888 -1.380149 0.111148 -0.548662 -0.828578
1.479109 0.032748 -1.507228 0.004913 0.658956 -0.752129
1.385916 0.230644 -1.520051 0.634175 -0.450758 -0.628163
1.161595 -0.206097 -1.507228 0.542467 -0.374126 -0.752129
1.377673 -0.240120 -1.520051 -0.729118 -0.271584 -0.628163
1.142275 0.190752 -1.507228 -0.614215 -0.238746 -0.752129
0.992780 0.031069 -1.520051 0.184729 0.755791 -0.628163
1.304482 -0.023989 -1.507289 0.239723 0.873226 -0.424207
1.261656 0.025088 -1.507289 0.748619 -0.136174 -0.648823
1.212714 -0.029744 -1.507289 0.587909 -0.688742 -0.424207
1.277372 -0.021869 -1.507289 -0.533097 -0.542955 -0.648823
1.259487 0.049419 -1.507289 -0.900052 -0.099643 -0.424207
1.229693 -0.008503 -1.507289 -0.149876 0.745994 -0.648823
1.874243 0.503814 -1.524247 -0.451216 -0.595203 0.664907
1.329470 -0.797580 -1.524247 -0.239082 0.707602 0.664907
0.558593 0.384009 -1.524247 0.719749 -0.199530 0.664907
1.722574 0.531286 -1.571196 0.155431 -0.874966 0.458510
1.437374 -0.687513 -1.571196 -0.811274 0.362743 0.458510
0.589069 0.232916 -1.571197 0.755730 0.467544 0.458510
1.383400 0.225772 -1.552369 0.526170 -0.371166 0.765069
1.375056 -0.235302 -1.552369 -0.602619 -0.226936 0.765069
0.998236 0.030530 -1.552369 0.150609 0.626057 0.765069
1.259140 0.020216 -1.539607 0.777123 0.280526 0.563311
1.274754 -0.017051 -1.539607 -0.204260 -0.800562 0.563311
1.235150 -0.009042 -1.539607 -0.547685 0.618610 0.563311
1.476592 0.027877 -1.539546 -0.234230 0.724082 0.648671
1.158977 -0.201279 -1.539546 0.730674 -0.212806 0.648671
1.147732 0.190212 -1.539546 -0.586413 -0.485061 0.648671
1.891099 0.078077 -1.412467 -0.486587 0.847987 0.210028
0.967738 -0.572444 -1.412467 0.974914 -0.073580 0.210028
0.948015 0.556885 -1.412467 -0.608356 -0.765343 0.210028
1.982829 0.221019 -1.412467 -0.852260 0.359416 0.380047
1.034499 -0.728617 -1.412467 0.775994 0.503342 0.380047
0.781303 0.589348 -1.412467 -0.019288 -0.924741 0.380047
1.301966 -0.028861 -1.539607 0.242225 0.882962 0.402081
1.210097 -0.024926 -1.539607 0.594562 -0.696280 0.402081
1.264944 0.048879 -1.539607 -0.910001 -0.100925 0.402051
2.738229 1.126065 1.329441 0.755730 0.611744 -0.233650
2.531942 1.156136 1.329441 -0.274361 0.956145 -0.102268
2.531942 1.156136 2.973402 -0.215857 0.931089 0.294015
2.738229 1.126065 2.973402 0.251350 -0.319315 0.913694
2.262840 0.153880 0.006354 0.995819 -0.035463 -0.083987
1.982258 0.704553 0.006354 0.517747 0.840083 -0.161687
1.982258 0.704553 2.316354 0.143284 0.883816 0.445265
2.262840 0.153880 2.316354 0.944273 -0.112674 0.309183
0.821161 0.888452 0.006354 -0.268502 0.954650 -0.128605
0.384145 0.451436 0.006354 -0.893948 -0.154881 -0.420484
0.037239 0.888192 0.040056 -0.062075 0.462661 -0.884335
0.037239 0.527475 0.040056 -0.217505 -0.683645 -0.696616
0.384145 0.451437 2.316354 -0.873012 0.069491 0.482681
0.037239 0.527475 2.250519 -0.270577 -0.860042 0.432508
0.821161 0.888453 2.316354 -0.346690 0.867306 0.357128
0.037239 0.888192 2.250519 -0.093783 0.722434 0.685018
1.943942 0.666237 -1.469151 -0.668050 -0.734794 0.117222
1.805858 0.528153 -0.914345 -0.717368 -0.655141 -0.236946
1.392561 0.738738 -0.914345 -0.211249 -0.940642 -0.265511
1.423110 0.931615 -1.469151 -0.049074 -0.997101 0.057680
1.810290 0.532584 -1.857551 -0.191473 -0.075381 -0.978576
1.393541 0.744928 -1.857551 -0.327830 -0.601001 -0.728904
0.934417 0.666176 -0.914345 0.344310 -0.905515 -0.247871
0.845761 0.840172 -1.469151 0.546373 -0.835536 0.057680
0.931572 0.671759 -1.857551 0.088015 -0.678915 -0.728904
0.606422 0.338181 -0.914345 0.810816 -0.530198 -0.247871
0.432425 0.426836 -1.469150 0.933134 -0.354808 0.057680
0.600838 0.341026 -1.857551 0.470260 -0.497482 -0.728904
0.533859 -0.119964 -0.914345 0.967589 0.047609 -0.247871
0.340982 -0.150512 -1.469150 0.974883 0.221168 -0.025269
0.527669 -0.120944 -1.857551 0.906919 0.077181 -0.414136
0.744444 -0.533261 -0.914345 0.754814 0.607288 -0.247871
0.606360 -0.671345 -1.469150 0.704215 0.707572 0.058016
0.740013 -0.537692 -1.857551 0.416700 0.517960 -0.747002
1.157742 -0.743847 -0.914345 0.253700 0.934965 -0.247871
1.127193 -0.936723 -1.469150 0.153813 0.986389 0.058016
1.156762 -0.750037 -1.857551 0.032685 0.663961 -0.747002
1.615886 -0.671284 -0.914345 -0.344310 0.905515 -0.247871
1.704542 -0.845280 -1.469150 -0.455336 0.888424 0.058016
1.618731 -0.676868 -1.857551 -0.363811 0.556383 -0.747002
1.943881 -0.343289 -0.914345 -0.844752 0.479812 -0.236946
2.117877 -0.431945 -1.469150 -0.890561 0.451094 0.058016
1.949465 -0.346134 -1.857551 -0.621387 0.236244 -0.747002
2.016444 0.114855 -0.914345 -0.959899 -0.089755 -0.265511
2.209320 0.145403 -1.469150 -0.985626 -0.158513 0.058016
2.022634 0.115835 -1.857551 -0.641591 -0.174078 -0.747002
1.318207 0.269287 1.939780 -0.200812 -0.971954 -0.122318
1.469768 0.192062 1.939780 -0.747459 -0.655873 -0.105411
1.150200 0.242677 1.939780 0.450453 -0.885281 -0.115421
1.029920 0.122397 1.939780 0.884793 -0.451430 -0.115421
1.003310 -0.045609 1.939780 0.981170 0.154820 -0.115421
1.080535 -0.197171 1.939780 0.702750 0.701956 -0.115421
1.232096 -0.274395 1.939780 0.155919 0.980987 -0.115421
1.400103 -0.247785 1.939780 -0.450453 0.885281 -0.115421
1.520382 -0.127506 1.939780 -0.854762 0.508194 -0.105411
1.546992 0.040501 1.939780 -0.986419 -0.109348 -0.122318
1.426248 0.951428 -1.747451 0.210059 0.774224 -0.597003
1.958127 0.680422 -1.747451 0.546342 0.498306 -0.673177
0.836654 0.858046 -1.747451 -0.359508 0.759575 -0.541978
0.414551 0.435943 -1.747451 -0.726371 0.336955 -0.598987
0.321169 -0.153650 -1.747451 -0.734886 -0.082003 -0.673177
0.592175 -0.685530 -1.747451 -0.611286 -0.576647 -0.541978
1.124055 -0.956537 -1.747451 -0.095981 -0.794977 -0.598987
1.713649 -0.863154 -1.747451 0.389599 -0.699576 -0.598987
2.135751 -0.441052 -1.747451 0.726371 -0.336955 -0.598987
2.229134 0.148542 -1.747451 0.785730 0.154332 -0.598987
1.438522 1.028926 -1.318475 0.027223 0.553484 0.832392
2.013609 0.735904 -1.318475 0.581408 0.508164 0.635365
0.801032 0.927958 -1.318475 -0.026429 0.200873 0.979247
0.344639 0.471565 -1.318474 -0.401227 0.408032 0.820032
0.243671 -0.165925 -1.318474 -0.769066 -0.069369 0.635365
0.536693 -0.741013 -1.318474 -0.182867 -0.087222 0.979247
1.111781 -1.034034 -1.318474 -0.264077 -0.507706 0.820032
1.749271 -0.933066 -1.318474 0.254982 -0.800195 0.542802
2.205663 -0.476674 -1.318474 0.213935 -0.219489 0.951842
2.306632 0.160816 -1.318474 0.564440 -0.094272 0.820032
1.431586 0.985134 -1.343014 -0.079165 0.492447 0.866695
1.982258 0.704552 -1.343014 0.225379 0.444929 0.866695
0.821161 0.888452 -1.343014 -0.132786 0.130924 0.982452
0.384145 0.451436 -1.343014 -0.403394 0.263771 0.876156
0.287463 -0.158989 -1.343014 -0.481399 -0.023682 0.876156
0.568044 -0.709661 -1.343014 -0.445235 -0.507736 0.737510
1.118717 -0.990243 -1.343014 0.079165 -0.492447 0.866695
1.729142 -0.893561 -1.343014 0.195196 -0.193823 0.961394
2.166158 -0.456545 -1.343014 0.708060 -0.226569 0.668783
2.262840 0.153880 -1.343014 0.443892 0.227485 0.866695
1.431586 0.985134 0.006354 0.261849 0.965087 0.000000
0.287463 -0.158989 0.006355 -0.987671 -0.156407 0.000000
0.568044 -0.709661 0.006355 -0.751457 -0.659749 0.000000
1.118717 -0.990243 0.006355 -0.261849 -0.965087 0.000000
1.729142 -0.893561 0.006355 0.355388 -0.934690 0.000000
2.166158 -0.456545 0.006355 0.836940 -0.547288 0.000000
1.375306 0.097601 3.950326 -0.336344 -0.418043 0.843837
1.297309 0.137343 3.950326 -0.003296 -0.784265 0.620380
1.210848 0.123649 3.950326 0.372753 -0.403058 0.835810
1.148948 0.061750 3.950326 0.325205 -0.069521 0.943052
1.135254 -0.024712 3.950326 0.746910 0.239174 0.620380
1.174996 -0.102709 3.950326 0.166631 0.287820 0.943052
1.252994 -0.142451 3.950326 0.003296 0.784265 0.620380
1.339455 -0.128757 3.950326 -0.372753 0.403058 0.835810
1.401354 -0.066858 3.950326 -0.538469 0.106967 0.835810
1.415048 0.019603 3.950326 -0.303964 -0.134892 0.943052
1.683722 0.406017 3.744482 0.588824 0.473739 0.654836
1.365541 0.568139 3.744482 0.157994 0.693503 0.702872
1.012833 0.512276 3.744482 -0.315287 0.685018 0.656728
0.760322 0.259765 3.744482 -0.689444 0.426374 0.585528
0.704458 -0.092943 3.744482 -0.744560 -0.117924 0.657033
0.866580 -0.411125 3.744482 -0.523942 -0.618549 0.585528
1.184762 -0.573247 3.744482 -0.101566 -0.641377 0.760430
1.537470 -0.517384 3.744482 0.315287 -0.685018 0.656728
1.789981 -0.264873 3.744482 0.657735 -0.368847 0.656728
1.845844 0.087835 3.744482 0.808374 0.060274 0.585528
1.431586 0.985134 2.316354 0.048647 0.988556 0.142674
0.287463 -0.158989 2.316354 -0.968810 -0.219642 0.114536
0.568044 -0.709661 2.316354 -0.698325 -0.701224 0.143498
1.118717 -0.990242 2.316354 -0.107974 -0.980560 0.163732
1.729142 -0.893561 2.316354 0.541673 -0.828364 0.142674
2.166158 -0.456545 2.316354 0.925138 -0.351756 0.142674
474
0 1 2
3 4 5
6 7 8
9 10 11
12 13 14
15 16 17
18 19 20
21 22 23
24 25 26
27 28 29
30 31 32
33 34 35
36 37 38
39 40 41
42 43 44
45 46 47
48 49 50
51 48 50
52 51 50
53 52 50
54 53 50
55 54 50
56 55 50
57 56 50
58 57 50
49 58 50
59 60 61
62 63 64
65 66 67
68 69 70
71 72 73
74 75 76
77 78 79
80 81 82
83 84 85
83 85 86
87 88 89
87 89 90
91 92 93
94 95 96
97 98 99
97 99 100
101 102 103
101 103 104
105 106 107
105 107 108
109 110 111
109 111 112
113 114 115
116 117 118
119 120 121
119 121 122
123 124 125
123 125 126
127 128 129
130 131 132
133 134 135
136 137 138
139 140 141
140 142 141
143 144 145
143 145 146
147 148 149
150 151 152
153 154 155
156 157 158
159 160 161
159 161 162
163 164 165
166 167 168
169 170 171
172 173 174
175 176 177
175 177 178
179 180 181
182 183 184
185 186 187
185 187 188
189 190 191
189 191 192
193 194 195
196 197 198
199 200 201
199 201 202
203 204 205
204 206 205
207 208 209
210 211 212
213 214 215
216 217 218
219 220 221
222 223 224
225 226 227
228 229 230
231 232 233
234 235 236
237 238 239
240 241 242
243 244 245
246 247 248
249 250 251
252 253 254
255 256 257
255 257 258
259 260 261
262 263 264
265 266 267
268 269 270
271 272 273
274 275 276
277 278 279
277 279 280
281 282 283
281 283 284
285 286 287
285 287 288
289 290 291
292 293 294
295 296 297
298 299 300
301 302 303
301 303 304
305 306 307
305 307 308
309 310 311
312 313 314
315 316 16
316 17 16
317 318 13
318 14 13
319 320 10
320 11 10
321 15 322
15 17 322
323 12 324
12 14 324
325 9 326
9 11 326
327 328 15
328 16 15
329 330 12
330 13 12
331 332 9
332 10 9
333 334 327
334 328 327
335 336 329
336 330 329
337 338 331
338 332 331
339 6 316
6 17 316
340 3 318
3 14 318
341 0 320
0 11 320
342 339 315
339 316 315
343 340 317
340 318 317
344 341 319
341 320 319
7 342 16
342 315 16
4 343 13
343 317 13
1 344 10
344 319 10
345 7 328
7 16 328
346 4 330
4 13 330
347 1 332
1 10 332
348 345 334
345 328 334
349 346 336
346 330 336
350 347 338
347 332 338
8 351 327
8 327 15
5 352 329
5 329 12
2 353 331
2 331 9
354 8 15
354 15 321
355 5 12
355 12 323
356 2 9
356 9 325
357 354 321
357 321 322
358 355 323
358 323 324
359 356 325
359 325 326
6 357 17
357 322 17
3 358 14
358 324 14
0 359 11
359 326 11
360 348 333
348 334 333
361 349 335
349 336 335
362 350 337
350 338 337
351 360 333
351 333 327
352 361 335
352 335 329
353 362 337
353 337 331
6 339 7
339 342 7
3 340 4
340 343 4
0 341 1
341 344 1
6 8 357
8 354 357
3 5 358
5 355 358
0 2 359
2 356 359
7 345 8
345 351 8
4 346 5
346 352 5
1 347 2
347 353 2
345 348 351
348 360 351
346 349 352
349 361 352
347 350 353
350 362 353
363 364 365
363 365 366
367 368 363
368 364 363
368 369 364
369 365 364
369 370 366
369 366 365
370 367 363
370 363 366
371 372 373
372 374 373
372 375 376
372 376 374
377 371 378
371 373 378
375 377 378
375 378 376
379 380 381
379 381 382
383 379 384
379 382 384
382 381 385
382 385 386
384 382 387
382 386 387
386 385 388
386 388 389
387 386 390
386 389 390
389 388 391
389 391 392
390 389 393
389 392 393
392 391 394
392 394 395
393 392 395
393 395 396
395 394 397
395 397 398
396 395 398
396 398 399
398 397 400
398 400 401
399 398 401
399 401 402
401 400 403
401 403 404
402 401 404
402 404 405
404 403 406
404 406 407
405 404 407
405 407 408
407 406 380
407 380 379
408 407 379
408 379 383
381 380 409
380 410 409
385 381 409
385 409 411
388 385 411
388 411 412
391 388 412
391 412 413
394 391 413
394 413 414
397 394 414
397 414 415
400 397 415
400 415 416
403 400 416
403 416 417
406 403 418
403 417 418
380 406 418
380 418 410
419 420 383
419 383 384
421 419 384
421 384 387
422 421 387
422 387 390
423 422 390
423 390 393
424 423 393
424 393 396
425 424 396
425 396 399
426 425 399
426 399 402
427 426 402
427 402 405
428 427 405
428 405 408
420 428 408
420 408 383
429 430 419
430 420 419
431 429 421
429 419 421
432 431 421
432 421 422
433 432 422
433 422 423
434 433 424
433 423 424
435 434 424
435 424 425
436 435 425
436 425 426
437 436 426
437 426 427
438 437 427
438 427 428
430 438 428
430 428 420
439 440 430
439 430 429
441 439 429
441 429 431
442 441 431
442 431 432
443 442 432
443 432 433
444 443 433
444 433 434
445 444 434
445 434 435
446 445 435
446 435 436
447 446 437
446 436 437
448 447 437
448 437 438
440 448 438
440 438 430
449 368 440
449 440 439
371 449 439
371 439 441
372 371 442
371 441 442
450 372 443
372 442 443
451 450 444
450 443 444
452 451 444
452 444 445
453 452 445
453 445 446
454 453 446
454 446 447
367 454 447
367 447 448
368 367 448
368 448 440
455 456 409
455 409 410
456 457 411
456 411 409
457 458 412
457 412 411
458 459 413
458 413 412
459 460 414
459 414 413
460 461 415
460 415 414
461 462 416
461 416 415
462 463 417
462 417 416
463 464 418
463 418 417
464 455 410
464 410 418
465 466 455
466 456 455
466 467 457
466 457 456
467 468 458
467 458 457
468 469 458
469 459 458
469 470 460
469 460 459
470 471 460
471 461 460
471 472 462
471 462 461
472 473 463
472 463 462
473 474 464
473 464 463
474 465 464
465 455 464
369 475 466
369 466 465
475 377 467
475 467 466
377 375 468
377 468 467
375 476 469
375 469 468
476 477 469
477 470 469
477 478 470
478 471 470
478 479 472
478 472 471
479 480 473
479 473 472
480 370 474
480 474 473
370 369 465
370 465 474
369 368 449
369 449 475
371 377 475
371 475 449
450 476 375
450 375 372
451 477 476
451 476 450
452 478 477
452 477 451
453 479 478
453 478 452
454 480 479
454 479 453
367 370 480
367 480 454
